D0  01  04  00  9A  01  0B  30
D1  32  30  38  37  30  33  32
D2  33  33  33  01  0B  30  32
D3  30  38  37  30  33  32  33
D4  33  33  03  03  10  10  1D
D5  37  99  01  0B  31  33  39
D6  32  32  33  30  30  33  37
D7  36  01  0B  31  33  39  32
D8  32  33  30  30  33  37  36
D9  03  03  10  11  27  01  98
DA  01  0A  E5  86  AF  20  E5
DB  8F  89  E5  8F  89  22  0B  
DC  31  38  36  30  32  30  32
DD  39  37  34  37  04  03  10
DE  DE  0C  10  1F  97  01  0B  
DF  31  33  39  32  36  32  39
D0  31  32  36  36  03  0B  31
D1  33  39  32  36  32  39  31
D2  32  36  36  05  03  10  14
D3  24  24
